1 0.683598 0.422452 0.0439987 0.183184
1 0.631364 0.636464 0.060244 0.195768
1 0.614072 0.457762 0.0331408 0.16533
1 0.562258 0.462526 0.0308145 0.191363
1 0.587785 0.459732 0.0335343 0.17327
1 0.568543 0.660514 0.0331661 0.18454
1 0.648055 0.438706 0.0472972 0.192881
1 0.595017 0.648921 0.0402895 0.191263
1 0.671209 0.618373 0.0566359 0.194587
1 0.310975 0.452545 0.0526309 0.184556
1 0.435037 0.665698 0.0344744 0.199098
1 0.547862 0.672241 0.0295324 0.199569
1 0.486354 0.443963 0.0301855 0.189539
1 0.540958 0.463722 0.026001 0.169756
1 0.460606 0.663417 0.0303172 0.188684
1 0.461969 0.474435 0.0338711 0.183663
1 0.436176 0.480735 0.041223 0.169576
1 0.508212 0.652345 0.0205896 0.166344
1 0.493914 0.666148 0.0215685 0.194968
1 0.525203 0.654516 0.0223452 0.163121
1 0.479298 0.669079 0.0231857 0.182152
1 0.406004 0.663669 0.0363015 0.203583
